Genre(將可以區分的詞彙或比較模糊的去建辭典即可)
id = 1~50 已標
30頁開始標(726 start)

1.親情(Kinship) Family
* 1.孝順(Filial)(下對上, 孝不孝順, 證明給爸媽看)
* 2.疼愛(Love)(彼此, 扶持, 吵吵鬧鬧, 高壓控制家人, 不愛了, 不珍惜, 不喜歡家人這樣)
* 3.背叛(Betray)(約定, 欺騙, 隱瞞)
to not be loyal to your country or a person, often by doing something harmful such as helping their enemies
Ex:
---孝順---
article_id=13,736,836,948,963,977,979,980,1055
movie_id=31,34,82,170,174,213,214,292,315,346,404,412,417,444,450,477,533,534,568,575,750,858
---疼愛---
article_id=4,9,10,11,15,27,35,38,45,50,727,733,740,751,753,775,776,794,814,816,824,828,832,839,845,853,864,865,873,874,875,877,885,886,889,893,894,901,903,906,918,955,957,967,970,976,983,988,989,990,1006,1008,1010,1026,1037,1051,1052,1056,1060
movie_id=15,16,38,(45),49,60,81,86,90,98,110,126,129,131,139,143,144,148,156,161,162,163,167,172,179,189,194,196,199,207,219,236,238,270,279,287,288,290,291,295,305,309,310,314,317,320,326,334,339,340,341,343,344,350,351,356,357,361,367,368,375,381,388,392,405,407,408,409,419,420,423,424,428,436,437,438,452,453,454,465,478,479,480,488,491,496,500,503,511,518,519,522,531,540,541,543,545,553,557,558,563,566,573,576,580,585,592,593,606,607,611,614,615,626,635,636,645,658,666,670,679,694,697,698,703,708,713,716,719,725,728,729,734,738,741,742,745,751,756,760,(765),766,770,776,778,787,796,797,800,810,811,814,817,820,822,823,828,834,837,843,844,852,854,856,857,859,865,866,876,884,888,889,890,892,893,894,896,909,3392
---背叛---
article_id=49,898,974
movie_id=26,42,(44),58,64,201,223,322,342,345,459,460,552,578,598,601,609,620,627,650,667,671,695,720,806,853,913

2.愛情(Romaic Relationship) Romance
* 1.戀愛(In Love)(曖昧, 傳情, 愛, 相親, 親密, 偷偷摸摸, 幸福, 約定, 渴望愛)
* 2.失戀(Lost Love)(阻礙, 欺騙, 背叛, 三角關係, 失去愛情)
* 3.情慾(Sex)(保守, 約砲, 低級, 性)
Ex: 
--戀愛--
article_id=25,726,730,752,758,790,830,834,845,851,863,907,915,938,956,1001,1028,1033
movie_id=1,2,3,4,6,7,8,12,17,19,22,27,28,33,35,36,39,40,41,43,48,(51),53,65,66,76,78,84,91,99,105,107,116,120,124,138,,140,145,148,149,159,177,179,182,184,190,191,192,193,198,206,216,226,244,246,247,262,263,265,266,267,268,271,273,280,288,298,307,311,316,323,324,328,339,347,354,355,362,364,370,371,377,378,380,382,390,394,413,418,433,447,451,458,470,471,487,494,497,504,524,528,538,548,561,562,569,583,606,612,616,623,632,648,662,665,676,682,684,690,699,701,702,704,706,707,714,727,733,736,737,753,757,758,(764),769,774,781,786,789,802,819,829,831,838,848,850,860,883,895,901,905
--失戀--
article_id=3,29,735,772,773,780,781,802,817,861,897,899,902,904,926,934,935,997,998,1030,(1044),1050
movie_id=5,11,18,20,24,169,187,222,260,302,303,318,365,463,499,529,539,547,554,574,579,582,603,644,646,683,731,752,762,783,788,839,846,885,887,904
--情慾--
article_id=812,996,1058
movie_id=217,232,245,274,277,322,374,410,441,544,551,602,672,746,768,784,830,836

3.友情(Friendship) War
* 1.扶持	(Support)(支持, 討回真相, 報仇, 朝向同一個目標, 幫忙 or 不想幫忙, 體諒 or 不體諒)
* 2.背叛(Betray)(失去信任)
Ex: 
--扶持--
article_id=24,26,32,37,42,44,48,728,738,739,756,757,761,766,774,789,793,803,805,815,819,821,845,846,847,856,857,859,860,869,872,876,879,880,887,890,891,892,925,930,933,936,937,941,944,946,951,952,954,960,961,966,981,993,1004,1011,1032,1035,1039,1048,1057
movie_id=10,63,67,72,92,113,116,117,121,130,134,137,140,141,158,166,176,195,203,229,230,231,234,249,243,256,257,259,282,293,304,319,373,383,387,400,403,415,421,435,440,466,472,508,512,514,520,536,542,571,572,577,584,591,597,604,621,628,634,642,643,648,657,661,678,709,718,767,803,808,815,835,840,864,867,872,903,912
--背叛--
article_id=18,773,833,(841),883,884,(924),(940),979,1031,1034
movie_id=11,95,142,242,296,432,517,(521),555,801,915

4.師生情(Teacher-Student Relationship)
define: 學習
* 1.學習(Learning)(教學, 讀書)
* 2.其他(Others)
Ex: 
--學習--
article_id=7,8,768,769,796,818,870,943
movie_id=32,153,178,180,188,235,250,258,264,315,327,353,411,413,434,502,507,(587),647,723,809,862,868,874,879
--其他--
article_id=1009

5.商務情(Business Relationship) Action, Crime, Adventure, Sport, War, political, Horror, Superhero
define: 利益與職責
* 1.利害(interest)(利益競爭, 利益上的報復, 獲利, 找尋利益)
* 2.任務(Task)(執行職責, 秉持信念, 幫助弱勢)
* 3.揭露(Reveal)(揭開黑暗面, 調查, 找回真相, 回憶尋找)
Ex: 
--利害--
article_id=729,755,762,763,779,782,786,795,913,927,950,971,973,986,992,1003,1042
movie_id=2,13,14,25,30,70,73,151,155,173,177,197,208,209,297,308,358,399,448,526,530,586,629,640,654,660,685,686,688,689,691,696,711,721,730,748,794,813,827,832,842,882,899,902,918
--任務--
article_id=16,22,760,801,809,829,862,868,905,908,909,945,949,975,978,1007,1036,1041,1049
movie_id=21,23,29,50,59,61,74,80,87,94,106,111,112,128,132,136,160,181,185,215,218,224,229,278,281,283,286,289,301,321,337,338,385,389,391,395,402,416,422,426,427,431,439,442,445,446,455,464,473,481,483,489,490,492,498,501,515,537,550,567,599,600,625,631,639,649,651,656,659,669,673,692,693,700,722,727,744,763,775,782,785,807,863,878,908,914,920
--揭露--
article_id=991
movie_id=54,85,88,93,97,103,109,115,118,119,168,175,210,253,254,269,272,275,276,284,285,299,300,312,313,336,335,348,349,401,430,443,449,456,468,469,475,486,493,516,532,546,581,589,608,618,624,630,641,675,687,712,743,771,777,780,805,880,900,906,922

6.其他情(Other) Superhero, Sport, Adventure, Horror
* 1.追求自我(Pursuit of Self)(希望, 成長, 不後悔, 挑戰, 冒險, 探索, 負面->正面, 夢想)
* 2.其他(Others)
Ex: 
--追求自我--
article_id=743,792,806,807,808,822,835,838,842,848,849,855,867,911,920,923,965,968,984,987,999,1018,1019,1029
movie_id=37,55,56,57,68,69,71,79,83,89,96,100,101,108,122,123,133,135,138,150,152,154,157,164,165,171,183,186,202,204,205,212,220,221,227,233,239,241,248,251,252,255,261,306,330,331,332,333,359,360,371,398,414,425,429,457,474,482,484,495,506,510,525,527,535,559,564,594,617,652,668,677,710,740,779,897,898,907,917,921,932
--其他--
article_id=2,5,6,12,14,19,20,28,30,33,36,39,41,46,47,731,737,741,742,744,745,746,747,748,754,759,764,765,767,770,771,777,778,783,784,787,791,797,798,799,800,804,810,813,823,826,827,840,844,850,852,878,881,882,888,896,900,917,922,928,931,942,947,958,959,972,982,994,995,1000,1002,1012,1013,1014,1017,1021,1027,1053,1054
movie_id=211,237,240,325,329,352,366,369,379,386,393,396,462,467,476,485,505,509,513,595,605,610,633,638,653,663,664,674,680,681,705,717,724,726,732,739,747,749,754,755,759,761,772,773,790,793,795,798,799,812,816,818,824,825,833,845,847,851,855,861,870,875,877,881,911,916

7. 沒有任何感情(No Relationship)


